static
Data : 800 by 800 , Iterations : 2000 , Time : 0.500063 sec
Final data
56111.442113 28472.061997 28460.727609 28460.727563 
28472.061997 23.332803 11.666517 11.666470 
28460.727609 11.666517 0.000094 0.000047 
28460.727563 11.666470 0.000047 0.000000 
Data : 800 by 800 , Iterations : 2000 , Time : 0.498339 sec
Final data
56111.442113 28472.061997 28460.727609 28460.727563 
28472.061997 23.332803 11.666517 11.666470 
28460.727609 11.666517 0.000094 0.000047 
28460.727563 11.666470 0.000047 0.000000 
Data : 800 by 800 , Iterations : 2000 , Time : 0.424361 sec
Final data
56111.442113 28472.061997 28460.727609 28460.727563 
28472.061997 23.332803 11.666517 11.666470 
28460.727609 11.666517 0.000094 0.000047 
28460.727563 11.666470 0.000047 0.000000 
Data : 800 by 800 , Iterations : 2000 , Time : 0.449979 sec
Final data
56111.442113 28472.061997 28460.727609 28460.727563 
28472.061997 23.332803 11.666517 11.666470 
28460.727609 11.666517 0.000094 0.000047 
28460.727563 11.666470 0.000047 0.000000 
Data : 800 by 800 , Iterations : 2000 , Time : 0.415018 sec
Final data
56111.442113 28472.061997 28460.727609 28460.727563 
28472.061997 23.332803 11.666517 11.666470 
28460.727609 11.666517 0.000094 0.000047 
28460.727563 11.666470 0.000047 0.000000 
Data : 800 by 800 , Iterations : 2000 , Time : 0.432531 sec
Final data
56111.442113 28472.061997 28460.727609 28460.727563 
28472.061997 23.332803 11.666517 11.666470 
28460.727609 11.666517 0.000094 0.000047 
28460.727563 11.666470 0.000047 0.000000 
Data : 800 by 800 , Iterations : 2000 , Time : 0.413322 sec
Final data
56111.442113 28472.061997 28460.727609 28460.727563 
28472.061997 23.332803 11.666517 11.666470 
28460.727609 11.666517 0.000094 0.000047 
28460.727563 11.666470 0.000047 0.000000 
Data : 800 by 800 , Iterations : 2000 , Time : 0.416989 sec
Final data
56111.442113 28472.061997 28460.727609 28460.727563 
28472.061997 23.332803 11.666517 11.666470 
28460.727609 11.666517 0.000094 0.000047 
28460.727563 11.666470 0.000047 0.000000 
Data : 800 by 800 , Iterations : 2000 , Time : 0.419277 sec
Final data
56111.442113 28472.061997 28460.727609 28460.727563 
28472.061997 23.332803 11.666517 11.666470 
28460.727609 11.666517 0.000094 0.000047 
28460.727563 11.666470 0.000047 0.000000 
Data : 800 by 800 , Iterations : 2000 , Time : 0.427253 sec
Final data
56111.442113 28472.061997 28460.727609 28460.727563 
28472.061997 23.332803 11.666517 11.666470 
28460.727609 11.666517 0.000094 0.000047 
28460.727563 11.666470 0.000047 0.000000 
guided
Data : 800 by 800 , Iterations : 2000 , Time : 0.416856 sec
Final data
56111.442113 28472.061997 28460.727609 28460.727563 
28472.061997 23.332803 11.666517 11.666470 
28460.727609 11.666517 0.000094 0.000047 
28460.727563 11.666470 0.000047 0.000000 
Data : 800 by 800 , Iterations : 2000 , Time : 0.413853 sec
Final data
56111.442113 28472.061997 28460.727609 28460.727563 
28472.061997 23.332803 11.666517 11.666470 
28460.727609 11.666517 0.000094 0.000047 
28460.727563 11.666470 0.000047 0.000000 
Data : 800 by 800 , Iterations : 2000 , Time : 0.416843 sec
Final data
56111.442113 28472.061997 28460.727609 28460.727563 
28472.061997 23.332803 11.666517 11.666470 
28460.727609 11.666517 0.000094 0.000047 
28460.727563 11.666470 0.000047 0.000000 
Data : 800 by 800 , Iterations : 2000 , Time : 0.417870 sec
Final data
56111.442113 28472.061997 28460.727609 28460.727563 
28472.061997 23.332803 11.666517 11.666470 
28460.727609 11.666517 0.000094 0.000047 
28460.727563 11.666470 0.000047 0.000000 
Data : 800 by 800 , Iterations : 2000 , Time : 0.416697 sec
Final data
56111.442113 28472.061997 28460.727609 28460.727563 
28472.061997 23.332803 11.666517 11.666470 
28460.727609 11.666517 0.000094 0.000047 
28460.727563 11.666470 0.000047 0.000000 
Data : 800 by 800 , Iterations : 2000 , Time : 0.417025 sec
Final data
56111.442113 28472.061997 28460.727609 28460.727563 
28472.061997 23.332803 11.666517 11.666470 
28460.727609 11.666517 0.000094 0.000047 
28460.727563 11.666470 0.000047 0.000000 
Data : 800 by 800 , Iterations : 2000 , Time : 0.423813 sec
Final data
56111.442113 28472.061997 28460.727609 28460.727563 
28472.061997 23.332803 11.666517 11.666470 
28460.727609 11.666517 0.000094 0.000047 
28460.727563 11.666470 0.000047 0.000000 
Data : 800 by 800 , Iterations : 2000 , Time : 0.413753 sec
Final data
56111.442113 28472.061997 28460.727609 28460.727563 
28472.061997 23.332803 11.666517 11.666470 
28460.727609 11.666517 0.000094 0.000047 
28460.727563 11.666470 0.000047 0.000000 
Data : 800 by 800 , Iterations : 2000 , Time : 0.421196 sec
Final data
56111.442113 28472.061997 28460.727609 28460.727563 
28472.061997 23.332803 11.666517 11.666470 
28460.727609 11.666517 0.000094 0.000047 
28460.727563 11.666470 0.000047 0.000000 
Data : 800 by 800 , Iterations : 2000 , Time : 0.414854 sec
Final data
56111.442113 28472.061997 28460.727609 28460.727563 
28472.061997 23.332803 11.666517 11.666470 
28460.727609 11.666517 0.000094 0.000047 
28460.727563 11.666470 0.000047 0.000000 
dynamic, 80000
Data : 800 by 800 , Iterations : 2000 , Time : 3.236063 sec
Final data
56111.442113 28472.061997 28460.727609 28460.727563 
28472.061997 23.332803 11.666517 11.666470 
28460.727609 11.666517 0.000094 0.000047 
28460.727563 11.666470 0.000047 0.000000 
Data : 800 by 800 , Iterations : 2000 , Time : 3.456000 sec
Final data
56111.442113 28472.061997 28460.727609 28460.727563 
28472.061997 23.332803 11.666517 11.666470 
28460.727609 11.666517 0.000094 0.000047 
28460.727563 11.666470 0.000047 0.000000 
Data : 800 by 800 , Iterations : 2000 , Time : 3.292790 sec
Final data
56111.442113 28472.061997 28460.727609 28460.727563 
28472.061997 23.332803 11.666517 11.666470 
28460.727609 11.666517 0.000094 0.000047 
28460.727563 11.666470 0.000047 0.000000 
Data : 800 by 800 , Iterations : 2000 , Time : 3.264107 sec
Final data
56111.442113 28472.061997 28460.727609 28460.727563 
28472.061997 23.332803 11.666517 11.666470 
28460.727609 11.666517 0.000094 0.000047 
28460.727563 11.666470 0.000047 0.000000 
Data : 800 by 800 , Iterations : 2000 , Time : 3.285971 sec
Final data
56111.442113 28472.061997 28460.727609 28460.727563 
28472.061997 23.332803 11.666517 11.666470 
28460.727609 11.666517 0.000094 0.000047 
28460.727563 11.666470 0.000047 0.000000 
Data : 800 by 800 , Iterations : 2000 , Time : 3.259202 sec
Final data
56111.442113 28472.061997 28460.727609 28460.727563 
28472.061997 23.332803 11.666517 11.666470 
28460.727609 11.666517 0.000094 0.000047 
28460.727563 11.666470 0.000047 0.000000 
Data : 800 by 800 , Iterations : 2000 , Time : 3.262112 sec
Final data
56111.442113 28472.061997 28460.727609 28460.727563 
28472.061997 23.332803 11.666517 11.666470 
28460.727609 11.666517 0.000094 0.000047 
28460.727563 11.666470 0.000047 0.000000 
Data : 800 by 800 , Iterations : 2000 , Time : 3.255501 sec
Final data
56111.442113 28472.061997 28460.727609 28460.727563 
28472.061997 23.332803 11.666517 11.666470 
28460.727609 11.666517 0.000094 0.000047 
28460.727563 11.666470 0.000047 0.000000 
Data : 800 by 800 , Iterations : 2000 , Time : 3.615445 sec
Final data
56111.442113 28472.061997 28460.727609 28460.727563 
28472.061997 23.332803 11.666517 11.666470 
28460.727609 11.666517 0.000094 0.000047 
28460.727563 11.666470 0.000047 0.000000 
Data : 800 by 800 , Iterations : 2000 , Time : 3.469243 sec
Final data
56111.442113 28472.061997 28460.727609 28460.727563 
28472.061997 23.332803 11.666517 11.666470 
28460.727609 11.666517 0.000094 0.000047 
28460.727563 11.666470 0.000047 0.000000 
static
guided
dynamic, 80000
