Data : 800 by 800 , Iterations : 2000 , Time : 3.318948 sec
Final data
56111.442113 28472.061997 28460.727609 28460.727563 
28472.061997 23.332803 11.666517 11.666470 
28460.727609 11.666517 0.000094 0.000047 
28460.727563 11.666470 0.000047 0.000000 
Data : 800 by 800 , Iterations : 2000 , Time : 3.150605 sec
Final data
56111.442113 28472.061997 28460.727609 28460.727563 
28472.061997 23.332803 11.666517 11.666470 
28460.727609 11.666517 0.000094 0.000047 
28460.727563 11.666470 0.000047 0.000000 
Data : 800 by 800 , Iterations : 2000 , Time : 2.893291 sec
Final data
56111.442113 28472.061997 28460.727609 28460.727563 
28472.061997 23.332803 11.666517 11.666470 
28460.727609 11.666517 0.000094 0.000047 
28460.727563 11.666470 0.000047 0.000000 
Data : 800 by 800 , Iterations : 2000 , Time : 2.909969 sec
Final data
56111.442113 28472.061997 28460.727609 28460.727563 
28472.061997 23.332803 11.666517 11.666470 
28460.727609 11.666517 0.000094 0.000047 
28460.727563 11.666470 0.000047 0.000000 
Data : 800 by 800 , Iterations : 2000 , Time : 2.848349 sec
Final data
56111.442113 28472.061997 28460.727609 28460.727563 
28472.061997 23.332803 11.666517 11.666470 
28460.727609 11.666517 0.000094 0.000047 
28460.727563 11.666470 0.000047 0.000000 
Data : 800 by 800 , Iterations : 2000 , Time : 3.796623 sec
Final data
56111.442113 28472.061997 28460.727609 28460.727563 
28472.061997 23.332803 11.666517 11.666470 
28460.727609 11.666517 0.000094 0.000047 
28460.727563 11.666470 0.000047 0.000000 
Data : 800 by 800 , Iterations : 2000 , Time : 3.690765 sec
Final data
56111.442113 28472.061997 28460.727609 28460.727563 
28472.061997 23.332803 11.666517 11.666470 
28460.727609 11.666517 0.000094 0.000047 
28460.727563 11.666470 0.000047 0.000000 
Data : 800 by 800 , Iterations : 2000 , Time : 2.848868 sec
Final data
56111.442113 28472.061997 28460.727609 28460.727563 
28472.061997 23.332803 11.666517 11.666470 
28460.727609 11.666517 0.000094 0.000047 
28460.727563 11.666470 0.000047 0.000000 
Data : 800 by 800 , Iterations : 2000 , Time : 2.886775 sec
Final data
56111.442113 28472.061997 28460.727609 28460.727563 
28472.061997 23.332803 11.666517 11.666470 
28460.727609 11.666517 0.000094 0.000047 
28460.727563 11.666470 0.000047 0.000000 
Data : 800 by 800 , Iterations : 2000 , Time : 2.837953 sec
Final data
56111.442113 28472.061997 28460.727609 28460.727563 
28472.061997 23.332803 11.666517 11.666470 
28460.727609 11.666517 0.000094 0.000047 
28460.727563 11.666470 0.000047 0.000000 
